  121111111111111111
  212231121123111111
  312132212223111111
  422141112111111111
  512121111323211111
  612331122122111111
  712233312212111121
  812.32231121111111
  912332111232221121
 1022141431323311121
 1122151211322121155
 1222133314441112111
 1312133132524421121
 1421213222332211111
 1522211111212111111
 1622111111523211111
 1722122111311111111
 1822221122231111111
 1921121111211111111
 2012343232534322111
 21221.2111322211121
 2212251142421111112
 2322122111223322221
 2421111111111111111
 2522114111444443131
 2612223121433211121
 2712121121211222131
 2822121111222111111
 2922133121312311132
 3021111112211111221
 3122123111213211121
 3212344423535422132
 3322112111212111111
 3422111111111111111
 3512214423445331111
 3611332122522211111
 3722312111121.11111
 3822132121322331122
 3922124113533331132
 4012131112323111111
 4112142112412111111
 421121112111111.111
 4322212322523221121
 4422111112321111111
 4522131311213111132
 4612211122323111111
 4722323221523221242
 4822122313132222155
 4922232234444342211
 5012232312222321111
 5122122211122211111
 5222133311511211121
 5312123112525121155
 5412334422523322132
 5512233312423323343
 5611211123333331121
 5722111111111111111
 5822111111.11111111
 5921121111111111111
 6021111111111111111
 6121111111111111111
 6222213232542421113
 6312231122323213332
 64211121112121.1121
 6512145312413431111
 6622122111313111111
 6721122111311111221
 6822121111312111111
 6912323231413313222
 7012112211331311111
 7122111112423221112
 7222411232323321121
 7312213125323211122
 7412112111321331111
 7522122213434321111
 7612233122412121121
 7722111111112111111
 7822245512535551131
